index,0,1,2
26457,0.04781124916205995,0.10565541713341661,0.8465333337045235
26458,0.24681619524027099,0.1411455725300958,0.6120382322296333
26459,0.03883948350374242,0.10480946058637641,0.8563510559098813
26460,0.10335400817753662,0.13180196960912033,0.764844022213343
26461,0.09989206692114051,0.17458194324517973,0.7255259898336798
26462,0.05002512404227837,0.12802430514514837,0.8219505708125734
26463,0.485439380290537,0.5141885524123456,0.00037206729711737146
26464,0.11711752709415661,0.14409364282716502,0.7387888300786785
26465,0.07312639537318674,0.12980042853234375,0.7970731760944696
26466,0.061996854060447734,0.2645910297234844,0.6734121162160678
26467,0.09420412688874394,0.17066182759469367,0.7351340455165624
26468,0.085369040405676,0.14361627634780186,0.7710146832465222
26469,0.303587567672093,0.15162066992352227,0.5447917624043848
26470,0.062195543411170055,0.15805758769896366,0.7797468688898663
26471,0.10251829840072495,0.2313694275144557,0.6661122740848194
26472,0.08976005991614022,0.2202121720260523,0.6900277680578074
26473,0.08309696056679818,0.13119995729972544,0.7857030821334763
26474,0.3304046585179343,0.6694256361732377,0.0001697053088279956
26475,0.2524736999752207,0.2653112638678956,0.48221503615688366
26476,0.02968524368801503,0.11569987983940486,0.8546148764725803
26477,0.1359983283940192,0.16796768933959375,0.696033982266387
26478,0.11391145774258501,0.07639820692623114,0.8096903353311838
26479,0.05225378755017677,0.18081298451423233,0.7669332279355909
26480,0.0649524546252933,0.09975308146658317,0.8352944639081236
26481,0.07421840353183552,0.31609890254874035,0.6096826939194242
26482,0.17880436383797638,0.08943777069641957,0.7317578654656041
26483,0.05532390150505061,0.14786412392770326,0.7968119745672462
26484,0.165380758035506,0.23256806426651583,0.6020511776979782
26485,0.08325661676064483,0.08805259151096237,0.8286907917283928
26486,0.10225671749410095,0.26113858984658744,0.6366046926593116
26487,0.11086193515653611,0.17728743046583137,0.7118506343776325
26488,0.2133634128174941,0.7695866717198452,0.017049915462660714
26489,0.050211413332781174,0.36948200918690177,0.580306577480317
26490,0.10195191970775933,0.3518394950965822,0.5462085851956585
26491,0.09725618355959802,0.12917834351167923,0.7735654729287227
26492,0.05113751847084374,0.213899900699504,0.7349625808296523
26493,0.2897997866149551,0.7099789620025639,0.0002212513824810602
26494,0.0751618149189569,0.12661007542415187,0.7982281096568912
26495,0.06661464094445385,0.13582798926311732,0.7975573697924289
26496,0.11948864133050349,0.1959572350113856,0.684554123658111
26497,0.07248445971687308,0.6056573221289301,0.3218582181541969
26498,0.22111052900531117,0.363271609966957,0.41561786102773185
26499,0.06951928832801778,0.1775710441665358,0.7529096675054464
26500,0.12515126133823062,0.39394213235613174,0.48090660630563764
26501,0.07592101917599661,0.1333047694072924,0.7907742114167111
26502,0.02033023518882997,0.043207722649469024,0.9364620421617011
26503,0.1839892117095707,0.3560872677483934,0.4599235205420359
26504,0.09471593298281394,0.1581412411955314,0.7471428258216546
26505,0.06559858900487166,0.08356145634449597,0.8508399546506324
26506,0.0481724647645675,0.948185026230975,0.003642509004457436
26507,0.13186462369752822,0.867521822299996,0.0006135540024758162
26508,0.07682374710622553,0.3892507547166748,0.5339254981770998
26509,0.0929022403485984,0.1652807595488689,0.7418170001025327
26510,0.06966187536223191,0.1991772845074958,0.7311608401302723
26511,0.09003285074497291,0.06968817031858004,0.840278978936447
26512,0.03159151562712893,0.08535296084147018,0.8830555235314009
26513,0.09393006266333652,0.2035559780219064,0.7025139593147571
26514,0.06655322672854468,0.10574410477404213,0.8277026684974131
26515,0.3340735124048704,0.07605153073626694,0.5898749568588627
26516,0.06670270393531783,0.36939354204855906,0.563903754016123
26517,0.21072340911842796,0.7889310011591635,0.0003455897224086254
26518,0.09444497718658038,0.17370249923741837,0.7318525235760012
26519,0.5112975254964092,0.13884598480673752,0.3498564896968534
26520,0.017841128179796686,0.8292255342186279,0.15293333760157535
26521,0.08658473428271465,0.1429828388089425,0.7704324269083429
26522,0.11783727195077726,0.20325314386034904,0.6789095841888737
26523,0.1024598613950013,0.22052342719747026,0.6770167114075285
26524,0.06017733611219953,0.25250781221698393,0.6873148516708165
26525,0.17549620875780703,0.25056915738617114,0.5739346338560218
26526,0.0651363653034827,0.128630021052108,0.8062336136444094
26527,0.08493015372144501,0.18776742762629772,0.7273024186522573
26528,0.13687459100007426,0.8623734890390069,0.0007519199609189595
26529,0.12728231338260373,0.0919823607094844,0.7807353259079118
26530,0.04136718362283258,0.1823004100565509,0.7763324063206165
26531,0.06449615227428195,0.12767809933875574,0.8078257483869622
26532,0.14682190102976728,0.13079058197456184,0.7223875169956708
26533,0.05650460231550749,0.07851740116485961,0.8649779965196329
26534,0.020891492610381583,0.03424774957894239,0.9448607578106759
26535,0.07966110144214462,0.16467963271851543,0.75565926583934
26536,0.1373628193954739,0.24627978845963164,0.6163573921448945
26537,0.10007986384955198,0.07529051186534598,0.8246296242851021
26538,0.030633670916228664,0.3137963704202272,0.6555699586635443
26539,0.06639895857752523,0.1188233372192018,0.8147777042032729
26540,0.1716951806375565,0.45162422580616624,0.37668059355627725
26541,0.06078468992140805,0.17277366591295742,0.7664416441656345
26542,0.08709517314031992,0.1276789751013953,0.7852258517582847
26543,0.15568719705309156,0.07945364273470834,0.7648591602122001
26544,0.10964568368751125,0.061883787834318346,0.8284705284781704
26545,0.1956882542256862,0.2866296676413993,0.5176820781329144
26546,0.06524780625317082,0.277070723019015,0.6576814707278142
26547,0.05863534895928134,0.1220756942734037,0.8192889567673148
26548,0.09487616744873784,0.1316036081416248,0.7735202244096373
26549,0.2667391489391435,0.7326957540347245,0.0005650970261319659
26550,0.08401812812694315,0.20867409615642726,0.7073077757166296
26551,0.0324972400797058,0.19216642664655034,0.7753363332737437
26552,0.03180035604674172,0.14943344752846838,0.8187661964247899
26553,0.03623329552664968,0.06487252542647402,0.8988941790468763
26554,0.08068034265974376,0.42463537050989,0.4946842868303663
26555,0.16261673354830225,0.19560831218196184,0.6417749542697359
26556,0.04175727939401689,0.22444491648761997,0.733797804118363
26557,0.10363204104595264,0.10051734129616893,0.7958506176578786
26558,0.41610558573126166,0.10560329968208171,0.47829111458665663
26559,0.16932748289942387,0.10404159377310411,0.7266309233274719
26560,0.12177489587602718,0.26676251570640447,0.6114625884175684
26561,0.07247391184151583,0.22061170070620043,0.7069143874522837
26562,0.10189608786224065,0.1040154119790334,0.7940885001587259
26563,0.040665824985976,0.07821797824335651,0.8811161967706675
26564,0.05606098745789827,0.17481639160299545,0.7691226209391063
26565,0.07649343489260926,0.34827242853857265,0.575234136568818
26566,0.13645493575591644,0.18583465038350383,0.6777104138605798
26567,0.05119901909737677,0.11615342674435492,0.8326475541582683
26568,0.3636019439995596,0.6360728797920144,0.0003251762084260355
26569,0.07379173133733746,0.22098490340544832,0.7052233652572142
26570,0.11003546972848682,0.405212532012353,0.48475199825916016
26571,0.07278871464411829,0.08437399779110125,0.8428372875647804
26572,0.11011641897960807,0.31117649570592976,0.5787070853144622
26573,0.10993866123075097,0.13504701375028036,0.7550143250189687
26574,0.1991734842089427,0.061255005431645575,0.7395715103594116
26575,0.08145047160946503,0.09895387411898877,0.8195956542715461
26576,0.06640273691358217,0.09809372150921954,0.8355035415771982
26577,0.06363036739029787,0.10003695941574195,0.8363326731939602
26578,0.13879238909770314,0.24605564629265536,0.6151519646096415
26579,0.22767468885715567,0.7720822861863187,0.00024302495652566528
26580,0.07268348699155434,0.1229192667741072,0.8043972462343386
26581,0.13620403888277124,0.2495573124245696,0.6142386486926592
26582,0.08747928467168181,0.13150342367567522,0.781017291652643
26583,0.045692576276495214,0.09491838539669595,0.8593890383268088
26584,0.05694547958635332,0.18085979220851922,0.7621947282051273
26585,0.15151829598848235,0.2808580913754282,0.5676236126360893
26586,0.3189007790397809,0.24630422327616486,0.43479499768405416
26587,0.1642233137384472,0.5401508031518896,0.2956258831096632
26588,0.034289438980307535,0.13561089821467062,0.8300996628050218
26589,0.10557042284568732,0.14928010264766062,0.745149474506652
26590,0.09934923829164648,0.3536527767099997,0.5469979849983537
26591,0.24939429105996241,0.7503646933118857,0.00024101562815187123
26592,0.25902806640494574,0.08294635979171536,0.6580255738033389
26593,0.09890991998896724,0.20274376669249222,0.6983463133185406
26594,0.15492135433644738,0.26307988442854113,0.5819987612350114
26595,0.039110439012756286,0.13008022095358399,0.8308093400336597
26596,0.02980042344720176,0.09291303483585493,0.8772865417169433
26597,0.11677463519590722,0.4424000234482486,0.4408253413558443
26598,0.12346252940902255,0.17237497645379182,0.7041624941371857
26599,0.1218380893155287,0.1333020665791503,0.7448598441053211
26600,0.03690977619743828,0.045807431500780274,0.9172827923017814
26601,0.07428352313952342,0.1871860234609591,0.7385304533995174
26602,0.030701132310445634,0.08717378500457673,0.8821250826849776
26603,0.05964998978680888,0.11476482288570482,0.8255851873274863
26604,0.08903329956996706,0.20556311282517176,0.7054035876048612
26605,0.07578942216752195,0.13339562226190393,0.790814955570574
26606,0.26293372294728695,0.19592849071801946,0.5411377863346937
26607,0.12193617638772519,0.8768988673164871,0.0011649562957876487
26608,0.006323092624988837,0.05910262367588546,0.9345742836991258
26609,0.09892275327230417,0.13530957812895386,0.765767668598742
26610,0.3926659742503368,0.6036118110151796,0.0037222147344836386
26611,0.09137269381063125,0.2604749795315688,0.6481523266578
26612,0.10900659460766025,0.20844128919278046,0.6825521161995592
26613,0.12555942686612184,0.19833678636543112,0.6761037867684472
26614,0.09401787451551877,0.13965206747289283,0.7663300580115884
26615,0.033914116607835464,0.06591131901805428,0.9001745643741103
26616,0.10437485385891426,0.1017121027058324,0.7939130434352533
26617,0.12565482621526017,0.1144234695838659,0.7599217042008739
26618,0.1485362839376082,0.16200937459041886,0.6894543414719729
26619,0.16687905431165084,0.18870332800525882,0.6444176176830904
26620,0.17256686042756805,0.825777508515261,0.0016556310571710531
26621,0.08607267039948865,0.10066988218347585,0.8132574474170355
26622,0.12472168793180982,0.3553293097501108,0.5199490023180794
26623,0.025408385433252703,0.5963933269214817,0.37819828764526553
26624,0.037866255846420865,0.12845663733017038,0.8336771068234087
26625,0.3670604210371226,0.2227827309137416,0.41015684804913577
26626,0.21241866002835544,0.14274854899427875,0.6448327909773658
26627,0.0814229984326959,0.18691634817300054,0.7316606533943036
26628,0.03979295136425063,0.15563211606788535,0.804574932567864
26629,0.08670255509184818,0.09610464382762797,0.8171928010805238
26630,0.07761835605290258,0.20932438994476532,0.713057254002332
26631,0.0404893662156254,0.055822766885710876,0.9036878668986636
26632,0.168819408453231,0.17097021943417953,0.6602103721125895
26633,0.05869809200455947,0.10359239981794802,0.8377095081774926
26634,0.04051672869970284,0.06261528336118638,0.8968679879391106
26635,0.08422645233284506,0.2347840963701896,0.6809894512969654
26636,0.07169346780369927,0.2686324329990347,0.6596740991972659
26637,0.025200412046495067,0.08317090901206473,0.8916286789414402
26638,0.06996120570326883,0.7318682127321907,0.19817058156454037
26639,0.2631304082761621,0.30390253291754166,0.43296705880629627
26640,0.06968406743297888,0.09549320155716728,0.8348227310098538
26641,0.17219161395945537,0.6772248785783124,0.15058350746223215
26642,0.10647715706369323,0.14086627921641898,0.7526565637198878
26643,0.11196662247055877,0.14407831950070668,0.7439550580287346
26644,0.13657550874542873,0.21383308415042826,0.649591407104143
26645,0.06287270953325762,0.09912339845831179,0.8380038920084306
26646,0.6307525588278824,0.1101572136528284,0.25909022751928934
26647,0.11968135347143112,0.21875693631312731,0.6615617102154416
26648,0.05643860769509138,0.5654905520306801,0.37807084027422855
26649,0.09544128792662399,0.13077407479768044,0.7737846372756956
26650,0.3909638261647569,0.6077980710649509,0.0012381027702922985
26651,0.22278632566141615,0.77579941428129,0.0014142600572939685
26652,0.295581627419168,0.12036587929757592,0.5840524932832561
26653,0.34283577951709693,0.13646244158412246,0.5207017788987807
26654,0.13293765138828711,0.3647958181652474,0.5022665304464654
26655,0.05847301530605668,0.27379248553892777,0.6677344991550156
26656,0.10600344800094413,0.1302590154342038,0.763737536564852
26657,0.14333953944627262,0.09494568688263924,0.7617147736710882
26658,0.09951791972910251,0.1741272106449098,0.7263548696259876
26659,0.29845602481763506,0.1429582428307589,0.5585857323516061
26660,0.07373442803915226,0.27956452531003895,0.6467010466508086
26661,0.11666636721867435,0.1378136772802487,0.745519955501077
26662,0.044367780675784924,0.18384904782060738,0.7717831715036078
26663,0.09260324596498845,0.19830322853251098,0.7090935255025005
26664,0.06720888559653268,0.17318704339711533,0.759604071006352
26665,0.20107608933392684,0.20173980790255497,0.5971841027635182
26666,0.045240186559823904,0.5085203643013259,0.4462394491388503
26667,0.05194630411507029,0.10216586542219994,0.8458878304627298
26668,0.16064796414092367,0.36692531620421726,0.47242671965485905
26669,0.12274469254445292,0.337009105825633,0.5402462016299141
26670,0.13572865787415428,0.21375881942179614,0.6505125227040496
26671,0.09824941043467444,0.12278714570404176,0.7789634438612838
26672,0.059338639250992836,0.11816889858407602,0.8224924621649311
26673,0.12369089536390317,0.2017660524607853,0.6745430521753115
26674,0.40006093257938724,0.08441292369953338,0.5155261437210794
26675,0.10377573756911157,0.29913239502573385,0.5970918674051546
26676,0.09153074458838888,0.16156556525996071,0.7469036901516505
26677,0.032549314321707865,0.08249407131330765,0.8849566143649845
26678,0.12034762741815376,0.25449266521434527,0.6251597073675009
26679,0.1394261311309443,0.10315039829557246,0.7574234705734832
26680,0.036749652754637235,0.10793175685930376,0.8553185903860591
26681,0.03497949617651215,0.04136935447763293,0.9236511493458549
26682,0.04226007686190439,0.05873780997310406,0.8990021131649915
26683,0.053648636653997064,0.4041970848378778,0.5421542785081251
26684,0.03550200237463281,0.16005379109092294,0.8044442065344442
26685,0.13148962322433183,0.12651142202183385,0.7419989547538344
26686,0.055297418346378274,0.13480567297786308,0.8098969086757587
26687,0.16096315446230938,0.188160981540142,0.6508758639975486
26688,0.15470483463216522,0.5427990029993942,0.3024961623684405
26689,0.042973759252774524,0.2079149999081566,0.749111240839069
26690,0.06800999207350168,0.1649581429502103,0.7670318649762881
26691,0.04379084415730854,0.1518703107401515,0.80433884510254
26692,0.02700333939313092,0.3071634291400521,0.6658332314668169
26693,0.2673843278366607,0.15415286683707535,0.5784628053262639
26694,0.5478912524610183,0.451548878289672,0.0005598692493096905
26695,0.10053517766469233,0.1139120115236315,0.7855528108116762
26696,0.08486029739586844,0.14296648524187064,0.772173217362261
26697,0.048605829208523854,0.048770519159528986,0.9026236516319471
26698,0.05304729420847842,0.04413951257717554,0.9028131932143462
26699,0.053844340354237255,0.23417502489432196,0.7119806347514408
26700,0.06474217118864266,0.2397848758926888,0.6954729529186685
26701,0.15138155555052613,0.41901472518632776,0.42960371926314617
26702,0.11791908681440619,0.45143298310260704,0.43064793008298685
26703,0.0773758616098687,0.1701864071347818,0.7524377312553494
26704,0.059176072277521106,0.18689159051555707,0.7539323372069219
26705,0.07569556192540187,0.10972071256348497,0.8145837255111132
26706,0.027511171104529084,0.09385042522405845,0.8786384036714125
26707,0.5462124509687905,0.06381845087257176,0.38996909815863784
26708,0.07927802227825373,0.1870308398897547,0.7336911378319915
26709,0.0924684227935346,0.07582763142700442,0.8317039457794609
26710,0.15713222009944303,0.21201238957723262,0.6308553903233243
26711,0.1406976346247861,0.1038461690624799,0.7554561963127341
26712,0.050093856973022474,0.14538681144488214,0.8045193315820953
26713,0.1440020996267107,0.2591195693608769,0.5968783310124125
26714,0.04887709543440034,0.11848371794053666,0.832639186625063
26715,0.10128591970505135,0.2526927822467382,0.6460212980482105
26716,0.09704794424496116,0.6443074277377979,0.258644628017241
26717,0.06718538836859325,0.1458299877015135,0.7869846239298932
26718,0.06750845646682797,0.1503688576890952,0.7821226858440768
26719,0.11653300278438876,0.26626738548905604,0.6171996117265552
26720,0.10002925273471651,0.24450020865100297,0.6554705386142806
26721,0.05525797051426046,0.2204738570143273,0.7242681724714122
26722,0.0836677043972764,0.1432105956771793,0.7731216999255442
26723,0.1332293558284726,0.11370207435624886,0.7530685698152786
26724,0.0848980233855517,0.42387179790842666,0.4912301787060217
26725,0.022456400711029875,0.3129590521231689,0.6645845471658013
26726,0.16365291347294936,0.4147203640488061,0.4216267224782445
26727,0.07778539502212306,0.1375003752821728,0.7847142296957041
26728,0.07750482646361789,0.09759934857429686,0.8248958249620852
26729,0.0763575426784856,0.21262284114128083,0.7110196161802336
26730,0.12688920295839606,0.35192736698257776,0.5211834300590261
26731,0.036518217748504445,0.14975215008517107,0.8137296321663245
26732,0.18537650161795632,0.8142988186400717,0.0003246797419719578
26733,0.09220933607280946,0.10272428857030509,0.8050663753568854
26734,0.05903847468514625,0.10444640978876524,0.8365151155260884
26735,0.08430979630853111,0.18554875010780808,0.7301414535836608
26736,0.10405157395372983,0.17061043599335207,0.725337990052918
26737,0.15371511568198096,0.1657391247371199,0.680545759580899
26738,0.03183830493219559,0.1013190388414002,0.8668426562264041
26739,0.3943671962705393,0.07962290224451496,0.5260099014849458
26740,0.05886281584411193,0.11861665966365764,0.8225205244922303
26741,0.11982807717673946,0.8798224944136315,0.00034942840962903527
26742,0.03508008167940134,0.08534346497736332,0.8795764533432353
26743,0.12651869100717006,0.13601170367262502,0.737469605320205
26744,0.1295135651165282,0.2531886756685381,0.6172977592149338
26745,0.055989979303791716,0.17156624246749477,0.7724437782287135
26746,0.19788637151766525,0.15650511912192505,0.6456085093604098
26747,0.09416303874596131,0.4671829760052808,0.43865398524875787
26748,0.22782217669463153,0.28685598367019927,0.48532183963516917
26749,0.08336810441641238,0.18297380331327293,0.7336580922703146
26750,0.06126665117228523,0.05275234073193975,0.8859810080957751
26751,0.061917982781067665,0.1661504077306173,0.7719316094883151
26752,0.06462894627814059,0.48810331005785357,0.44726774366400585
26753,0.14700392622701774,0.14117259222005496,0.7118234815529273
26754,0.10836050656176636,0.09949463383113576,0.7921448596070979
26755,0.04332465612490134,0.11482663471992006,0.8418487091551785
26756,0.13508064601203346,0.056967659536340046,0.8079516944516265
26757,0.09893024452308084,0.14342975624353127,0.757639999233388
26758,0.060440728211269515,0.29753102388754993,0.6420282479011805
26759,0.0516305046348191,0.2894649814962699,0.6589045138689109
26760,0.14041412964168695,0.3567985981658279,0.5027872721924851
26761,0.060948275444269444,0.10329920938704372,0.8357525151686869
26762,0.08900975640922913,0.16708686479383383,0.7439033787969371
26763,0.03179809045630791,0.19637166083085195,0.7718302487128401
26764,0.12807092822742194,0.2776063722243759,0.5943226995482022
26765,0.09451114652667038,0.15032916882844544,0.7551596846448841
26766,0.03996345739533538,0.48418953629932476,0.4758470063053398
26767,0.0943077370092316,0.1568275590178999,0.7488647039728684
26768,0.06396360674609045,0.9357425111744512,0.00029388207945836873
26769,0.09550457949328962,0.3057271797929766,0.5987682407137339
26770,0.21537682307410502,0.35496312201809016,0.4296600549078049
26771,0.1973968885944212,0.8019420009336818,0.0006611104718970214
26772,0.4561552212195673,0.05419670623303843,0.4896480725473943
26773,0.05808655019337878,0.15173650197293345,0.7901769478336876
26774,0.0335351951332932,0.1280939598267346,0.8383708450399723
26775,0.0653472548579591,0.2705502851562394,0.6641024599858014
26776,0.050873562879352685,0.08602568047129577,0.8631007566493514
26777,0.07164516061463547,0.07895031367727283,0.8494045257080917
26778,0.04615194172550377,0.0719392893265365,0.8819087689479597
26779,0.10631991024076329,0.10749750657715511,0.7861825831820816
26780,0.048362477429229105,0.1909321241225056,0.7607053984482653
26781,0.04775136231654439,0.1399046088827827,0.8123440288006729
26782,0.06714909010128027,0.11451460879501164,0.818336301103708
26783,0.20175718009971386,0.16951449714513542,0.6287283227551508
26784,0.08602727648711643,0.44812778611983783,0.46584493739304583
26785,0.11924856394470583,0.18525900088132458,0.6954924351739696
26786,0.441015461961596,0.08087447038272422,0.4781100676556797
26787,0.0623224567574446,0.10035614711725145,0.8373213961253039
26788,0.1558541605042182,0.16686574271876128,0.6772800967770206
26789,0.1842542042938523,0.2579154303378412,0.5578303653683065
26790,0.06832029581260479,0.30328060538529433,0.6283990988021009
26791,0.0810806298709062,0.1224045622268791,0.7965148079022146
26792,0.10402621608310457,0.12449381689604017,0.7714799670208552
26793,0.062423103686888595,0.17300391958805528,0.7645729767250562
26794,0.05314472139715944,0.15112649107463322,0.7957287875282074
26795,0.06854016261327274,0.2507318773292429,0.6807279600574845
26796,0.08019840796565274,0.9196516095920375,0.00014998244230972945
26797,0.10051932460822799,0.3053909077774717,0.5940897676143004
26798,0.3127357048562431,0.3549806254688869,0.33228366967487
26799,0.11207018037063061,0.1969591936300554,0.690970625999314
26800,0.04780292076317149,0.950977498566415,0.0012195806704135377
26801,0.11144502282749649,0.432376695668741,0.4561782815037626
26802,0.11002488822722557,0.11624057637861326,0.7737345353941611
26803,0.047147793087517854,0.1521765446908544,0.8006756622216278
26804,0.020175635028399398,0.14301832901035344,0.8368060359612473
26805,0.014056131993183127,0.12700752614701794,0.8589363418597988
26806,0.06531942493986895,0.12591187670468906,0.8087686983554419
26807,0.08494336019049877,0.10841215785258881,0.8066444819569124
26808,0.030932884020568624,0.26894514681156,0.7001219691678713
26809,0.12300582957979685,0.22972600594583692,0.6472681644743662
26810,0.038828415698651586,0.21330532546572029,0.7478662588356281
26811,0.07153132783730282,0.10562581716657826,0.8228428549961189
26812,0.04860055066432331,0.07834951357114767,0.873049935764529
26813,0.05590179004320821,0.45110006517973955,0.4929981447770522
26814,0.1317269715725517,0.13256194757056336,0.735711080856885
26815,0.05116303572535968,0.27179022450055157,0.6770467397740887
26816,0.04810251575754187,0.31108640915998775,0.6408110750824705
26817,0.13042752763899582,0.06578891759767073,0.8037835547633334
26818,0.2739921050808857,0.140449325886138,0.5855585690329763
26819,0.07720455339254172,0.2925406508626056,0.6302547957448529
26820,0.12946727784950213,0.8698663929533683,0.0006663291971295051
26821,0.1487768164823059,0.8503915723345807,0.0008316111831133524
26822,0.11851584103733076,0.18133407107491145,0.7001500878877578
26823,0.09565131964079543,0.1894848398663484,0.7148638404928562
26824,0.141703890408296,0.1652599282967251,0.6930361812949788
26825,0.046655665448896606,0.16358543661724717,0.7897588979338563
26826,0.0547976914249544,0.0615760266970936,0.883626281877952
26827,0.058486948366517674,0.11634956751970849,0.8251634841137738
26828,0.08779879616528548,0.16944464042057653,0.742756563414138
26829,0.029475167458450732,0.06841303193644997,0.9021118006050992
26830,0.1236323856867276,0.211939896169751,0.6644277181435213
26831,0.08055365947324396,0.11230742488465462,0.8071389156421014
26832,0.004440378811963576,0.02842063200513472,0.9671389891829016
26833,0.0831420290842565,0.12307138077372223,0.7937865901420212
26834,0.03708615884848896,0.2588961035600434,0.7040177375914677
26835,0.6242302390790267,0.07798504022580352,0.2977847206951697
26836,0.15528873109939556,0.4515123861775455,0.393198882723059
26837,0.11426106767609084,0.03601167460033624,0.8497272577235728
26838,0.1139217127282548,0.4511240248391907,0.43495426243255453
26839,0.6325102520759761,0.08205129759591301,0.2854384503281108
26840,0.13386323683487023,0.204020254580486,0.6621165085846438
26841,0.024849894699698023,0.1067021080469655,0.8684479972533364
26842,0.02500915062491006,0.17047247036983892,0.804518379005251
26843,0.107423014538915,0.13240891639461227,0.7601680690664727
26844,0.10244714150718176,0.5310321878150074,0.3665206706778108
26845,0.5553899731516329,0.05129585373001097,0.3933141731183561
26846,0.05510344552161016,0.0967957858711568,0.848100768607233
26847,0.06400658047154273,0.21285051115647333,0.723142908371984
26848,0.1804108783411349,0.07374640818315766,0.7458427134757073
26849,0.1951432229775673,0.1315951767226295,0.6732616002998032
26850,0.10936121412706473,0.2577827340097378,0.6328560518631975
26851,0.07395393477015877,0.23962692949950268,0.6864191357303386
26852,0.1382401312586909,0.47053848699075285,0.3912213817505562
26853,0.07652719173647034,0.147012468754088,0.7764603395094416
26854,0.07404533858715395,0.9258068315327441,0.0001478298801020504
26855,0.07905466357525388,0.3919686924021165,0.5289766440226297
26856,0.10861829028200021,0.06937788422187251,0.8220038254961274
26857,0.07817217079223154,0.19445896906223603,0.7273688601455324
26858,0.06184498109154511,0.5668208956245928,0.37133412328386217
26859,0.10494689179112218,0.5487374476205025,0.3463156605883754
26860,0.039795433380273706,0.6025265538649448,0.35767801275478156
26861,0.06172095148571997,0.1912997698690208,0.7469792786452594
26862,0.09706676961906127,0.16608950159958508,0.7368437287813536
26863,0.039388076431054936,0.20052301797991068,0.7600889055890344
26864,0.051835543956417506,0.29634118911997515,0.6518232669236074
26865,0.009298624490232846,0.028657767769430825,0.9620436077403364
26866,0.05544548384088931,0.16511402120584823,0.7794404949532623
26867,0.051234120435144095,0.09772188141393179,0.8510439981509241
26868,0.08458881919129509,0.09595559063566657,0.8194555901730383
26869,0.01657729094967456,0.03374961242360453,0.949673096626721
26870,0.04365004457825167,0.6604335762798298,0.2959163791419186
26871,0.1273741161095643,0.15722045723179923,0.7154054266586365
26872,0.06476111448949799,0.22166821480621043,0.7135706707042915
26873,0.08254011752639542,0.20309540345936414,0.7143644790142405
26874,0.08221732905359432,0.2591774090540907,0.6586052618923149
26875,0.04135474990360181,0.20776704074227756,0.7508782093541206
26876,0.03439179939894076,0.11340766758821236,0.8522005330128468
26877,0.054520650648229016,0.058688363037275794,0.8867909863144952
26878,0.0872263185633409,0.1432714516051521,0.7695022298315071
26879,0.09271199729856613,0.20427437741998336,0.7030136252814504
26880,0.1970110349167069,0.09102165169603173,0.7119673133872614
26881,0.030614347878052738,0.1812818778209977,0.7881037743009496
26882,0.45343900685916927,0.06428611339176643,0.48227487974906424
26883,0.023468948077499024,0.08608921029941424,0.8904418416230868
26884,0.10768282827580888,0.2865196583021992,0.605797513421992
26885,0.15305148205300134,0.0898979705315266,0.7570505474154721
26886,0.07642753314696052,0.12052974770208472,0.8030427191509547
26887,0.020369071334732824,0.11137527313378656,0.8682556555314807
26888,0.12544139286568592,0.22736249496954453,0.6471961121647696
26889,0.0683425017909798,0.11073532830912725,0.8209221698998929
26890,0.12284140758813687,0.21679321330840257,0.6603653791034606
26891,0.10857246998293282,0.32539750747336954,0.5660300225436976
26892,0.22940502678287866,0.2664109084357269,0.5041840647813944
26893,0.05685083277189376,0.12962921393549748,0.8135199532926088
26894,0.06677897026036059,0.14955113209009208,0.7836698976495473
26895,0.10863050476101874,0.2702412845369635,0.6211282107020177
26896,0.0738619550759353,0.1770896253024431,0.7490484196216216
26897,0.05740297191798735,0.2460854378274429,0.6965115902545697
26898,0.07526017830285034,0.16042432701395742,0.7643154946831923
26899,0.03613630869368997,0.13787012592475786,0.8259935653815522
26900,0.06698044316553309,0.18070224952916553,0.7523173073053013
26901,0.03981925970318982,0.26757858903101617,0.6926021512657939
26902,0.07717621642853004,0.023463804225983972,0.8993599793454858
26903,0.0775648250779359,0.20157283176028665,0.7208623431617776
26904,0.2765400322194227,0.700438786259547,0.02302118152103031
26905,0.04958529208924288,0.22767188071685757,0.7227428271938995
26906,0.04654261557911343,0.11690283598318726,0.8365545484376993
26907,0.052993547616003556,0.031826783769633896,0.9151796686143626
26908,0.07060221503688577,0.23911170304823665,0.6902860819148776
26909,0.06094140468785232,0.4447835058996559,0.49427508941249176
26910,0.09758110697358882,0.31569914783946823,0.586719745186943
26911,0.1258179008296751,0.18109080089421153,0.6930912982761135
26912,0.08158264121881477,0.13680486480622142,0.781612493974964
26913,0.3212581637919805,0.14588988229679883,0.5328519539112205
26914,0.08304854591288788,0.2030977745844531,0.7138536795026591
26915,0.07157159647811558,0.06049347054585051,0.8679349329760337
26916,0.11324992029045997,0.8864958460238705,0.00025423368566959405
26917,0.07114941528022789,0.1492877033765363,0.7795628813432358
26918,0.1076668863604121,0.1493243002457359,0.7430088133938519
26919,0.6121695551032921,0.13862838952603954,0.24920205537066842
26920,0.0560192557049345,0.3775069645098961,0.5664737797851694
26921,0.04018827737581046,0.6456871831799373,0.31412453944425195
26922,0.12966323257406798,0.4678932840330987,0.4024434833928333
26923,0.0403054449993235,0.12099873635331773,0.8386958186473588
26924,0.07471488417604283,0.10219164017988655,0.8230934756440706
26925,0.04819760043328571,0.03275354385318322,0.919048855713531
26926,0.14008887746868678,0.2132074219327953,0.6467037005985179
26927,0.19412898478642643,0.3054883552730977,0.5003826599404758
26928,0.04926582934479981,0.9495250575679612,0.0012091130872391295
26929,0.0887766748963411,0.21944198887827465,0.6917813362253843
26930,0.08005987157190972,0.4367437466171432,0.48319638181094715
26931,0.17638397756487176,0.823331203137204,0.0002848192979242437
26932,0.04806097922522633,0.3061993418256693,0.6457396789491042
26933,0.5895619119891039,0.06363549902080437,0.3468025889900917
26934,0.07339137444126219,0.1492576849091301,0.7773509406496077
26935,0.08112695120399924,0.18385443596894674,0.7350186128270539
26936,0.04336794135446116,0.05669194445063822,0.8999401141949006
26937,0.10307918615034092,0.26467942946623074,0.6322413843834284
26938,0.4296057581148633,0.5689232207347669,0.0014710211503698935
26939,0.2768889898095437,0.7164676642416306,0.00664334594882568
26940,0.18658345447200148,0.12136922772959434,0.6920473177984042
26941,0.061279198878983865,0.14132677971180965,0.7973940214092063
26942,0.0937719441196343,0.21572021050924067,0.6905078453711251
26943,0.0622571937564217,0.32338212496112445,0.6143606812824538
26944,0.06418785606041247,0.1037875556361942,0.8320245883033934
26945,0.07552404501292607,0.5938310191746339,0.3306449358124401
26946,0.06118337691379946,0.13844815527513513,0.8003684678110656
26947,0.05218740333210075,0.24551630567434557,0.7022962909935536
26948,0.09081018069286356,0.22682801130749117,0.6823618079996454
26949,0.3032070364823136,0.12203353172505405,0.5747594317926323
26950,0.1876740086485016,0.12342217110156559,0.6889038202499329
26951,0.6372427825032662,0.14452084557557265,0.2182363719211613
26952,0.10935357782494412,0.21898714357736515,0.6716592785976907
26953,0.025049235074845248,0.012183050830026418,0.9627677140951283
26954,0.03204664183629871,0.12404332290709523,0.843910035256606
26955,0.07194030508363537,0.43171850011588536,0.4963411948004793
26956,0.13837181115771932,0.2520837410134521,0.6095444478288286
26957,0.5211626968951374,0.1802445764895948,0.2985927266152678
26958,0.20203114506861325,0.18932249201345003,0.6086463629179366
26959,0.06745611572091822,0.2286103840943138,0.703933500184768
26960,0.07640154437890478,0.17339339011045615,0.7502050655106391
26961,0.053642364113476594,0.14230232081407324,0.8040553150724501
26962,0.026793609671819412,0.48616364399818696,0.48704274632999356
26963,0.2673843278366607,0.15415286683707535,0.5784628053262639
26964,0.13562630098181938,0.2783541521492992,0.5860195468688814
26965,0.045671695222346216,0.4434432736473387,0.510885031130315
26966,0.0738619550759353,0.1770896253024431,0.7490484196216216
26967,0.04925080169686346,0.09494978463595523,0.8557994136671813
26968,0.04140942805219886,0.21126824399224134,0.7473223279555599
26969,0.03691961396017253,0.10131269995617688,0.8617676860836506
26970,0.2547928562963631,0.14162025209574403,0.6035868916078928
26971,0.07966829314393248,0.25090417756637784,0.6694275292896897
26972,0.1101924148784768,0.23688009775525604,0.652927487366267
26973,0.04123224546822089,0.06103311219028358,0.8977346423414956
26974,0.09474258211889108,0.06310140624534451,0.8421560116357643
26975,0.08995329350285647,0.11802228326493505,0.7920244232322085
26976,0.11629562188334577,0.8825999947625818,0.0011043833540723242
26977,0.08588674052773458,0.14785135583089842,0.766261903641367
26978,0.05518874123339973,0.13361915071449426,0.8111921080521061
26979,0.11186382716070807,0.39915237588612984,0.4889837969531621
26980,0.07510907668812569,0.15701460501243453,0.7678763182994398
26981,0.05756315655426214,0.24403165679563338,0.6984051866501045
26982,0.061654137837306014,0.12463048555265382,0.8137153766100402
26983,0.07854250280515584,0.19269064115518447,0.7287668560396596
26984,0.03338335502208847,0.06311190782102004,0.9035047371568915
26985,0.05190720539031611,0.3108229492595799,0.6372698453501041
26986,0.08200723125264174,0.04017041778706168,0.8778223509602965
26987,0.13985236023086492,0.4036322714840819,0.4565153682850532
26988,0.10937367586263042,0.43678765956547777,0.4538386645718918
26989,0.06591815757168615,0.2362774274637211,0.6978044149645928
26990,0.10100541350493204,0.10409824590557507,0.7948963405894929
26991,0.06840701530090253,0.149322616834123,0.7822703678649745
26992,0.0625809086583411,0.49522941018793715,0.4421896811537217
26993,0.06957049678137478,0.17560975526368697,0.7548197479549382
26994,0.2055096718604913,0.1049630200336571,0.6895273081058517
26995,0.07975333102942347,0.20612542882366275,0.7141212401469137
26996,0.031006578100613236,0.09076763612955574,0.8782257857698311
26997,0.23073246768000116,0.43415566544107564,0.33511186687892314
26998,0.16620764144671046,0.1399333047943849,0.6938590537589047
26999,0.37624693440956575,0.11247554984169064,0.5112775157487436
27000,0.07442771830631112,0.39838064238374304,0.5271916393099458
27001,0.09402984981453794,0.25504534402272455,0.6509248061627375
27002,0.08328599580069676,0.27517785231007696,0.6415361518892262
27003,0.24984361723923484,0.20832512155282382,0.5418312612079413
27004,0.07248368016412292,0.1498884656902178,0.7776278541456594
27005,0.03738980158551641,0.45604156645774857,0.506568631956735
27006,0.0563268105461818,0.07119611029210436,0.8724770791617138
27007,0.06572384224727942,0.5522155894174061,0.3820605683353145
27008,0.1471112623376204,0.28915884101734785,0.5637298966450318
27009,0.09554784476216507,0.18012789053570605,0.7243242647021289
27010,0.02311820534189228,0.2714206952737039,0.7054610993844038
27011,0.15547546411423305,0.37145988211163294,0.4730646537741341
27012,0.08672917890459582,0.06709853202622473,0.8461722890691795
27013,0.17541063736717913,0.16138868599382966,0.6632006766389912
27014,0.12567126147295574,0.4439260536400689,0.4304026848869753
27015,0.1244688309328163,0.33372015074688427,0.5418110183202994
27016,0.05290666321172827,0.10250935881212633,0.8445839779761455
27017,0.07272376332993628,0.14111989162720764,0.786156345042856
27018,0.10617143420536224,0.14590219383496755,0.7479263719596703
27019,0.08400848646139028,0.17520712396709684,0.7407843895715129
27020,0.034863733620575404,0.42536843871388297,0.5397678276655417
27021,0.04800306222804136,0.2886389580226106,0.663357979749348
27022,0.04374226248074731,0.0556620538862579,0.9005956836329949
27023,0.1393917777340053,0.4137893245528952,0.44681889771309957
27024,0.06844420035171003,0.2484177466254156,0.6831380530228743
27025,0.08659952951711777,0.11206979213249163,0.8013306783503906
27026,0.06783889998465417,0.1290660515098219,0.8030950485055239
27027,0.10089704778465815,0.057107909530458384,0.8419950426848835
27028,0.19973310330605762,0.1482290361632213,0.652037860530721
27029,0.07560242405983691,0.17579153491382027,0.7486060410263429
27030,0.13342486073693016,0.49675788955094347,0.3698172497121264
27031,0.6189631109436389,0.112266104198162,0.2687707848581993
27032,0.2865354710996527,0.12411623194462734,0.58934829695572
27033,0.1100006140756262,0.09905045318134295,0.7909489327430308
27034,0.08975052455106844,0.15124886853786204,0.7590006069110695
27035,0.5650517993372072,0.08956397079133382,0.34538422987145906
27036,0.0922065210868035,0.08974683651529936,0.8180466423978972
27037,0.1801467335823079,0.13986740255456728,0.6799858638631247
27038,0.07962053077276889,0.16588284582112917,0.7544966234061019
27039,0.37475699638808213,0.23529485375325523,0.38994814985866255
27040,0.12352540767847983,0.14842896777471606,0.7280456245468041
27041,0.017885484070929127,0.10104041409953209,0.8810741018295388
27042,0.31737411615378985,0.682375810302157,0.0002500735440531798
27043,0.07470041088272696,0.20227493778637906,0.723024651330894
27044,0.06429456528145304,0.136650116398305,0.799055318320242
27045,0.06064882333387925,0.17189558935702742,0.7674555873090934
27046,0.05252812808632751,0.06986020204265246,0.8776116698710201
27047,0.08665126943529018,0.5138662127186218,0.399482517846088
27048,0.203941529653568,0.7958419432424687,0.0002165271039632319
27049,0.05743643113636991,0.5050968416502184,0.43746672721341184
27050,0.09734322855606017,0.20778102067302023,0.6948757507709197
27051,0.0606956216890788,0.23752403278732845,0.7017803455235927
27052,0.04000924294414769,0.11415840190988498,0.8458323551459673
27053,0.06253316301079034,0.3394900527710689,0.5979767842181406
27054,0.12072609697229149,0.11244363668807889,0.7668302663396296
27055,0.19556284011574704,0.8041425055562712,0.00029465432798170277
27056,0.22951254402150148,0.7701319161710913,0.00035553980740732
27057,0.06197843757423785,0.19606032785286362,0.7419612345728985
27058,0.11703826768131313,0.19613149048842524,0.6868302418302616
27059,0.057802865562065986,0.08842357496353138,0.8537735594744027
27060,0.05453270401471243,0.2858440345033306,0.659623261481957
27061,0.40866503283605826,0.15779209650621234,0.43354287065772934
27062,0.1405336560329174,0.12381781729271976,0.7356485266743628
27063,0.07398850554626966,0.1281055598111765,0.7979059346425539
27064,0.028176749858391414,0.05210763308071448,0.9197156170608941
27065,0.12916297783040145,0.2665778401143132,0.6042591820552854
27066,0.04886515984723055,0.02328090106483561,0.9278539390879338
27067,0.09845283554509457,0.27944613923754114,0.6221010252173642
27068,0.6203456304942306,0.057864679763900924,0.32178968974186845
27069,0.015991058324746787,0.10684672480564703,0.877162216869606
27070,0.051728500489168314,0.0991910540121655,0.849080445498666
27071,0.081749797260645,0.09117851500736954,0.8270716877319854
27072,0.038368548979165064,0.2227560060420759,0.7388754449787591
27073,0.05898416442902164,0.18271619170186382,0.7582996438691145
27074,0.13031843519626748,0.26112577260909187,0.6085557921946405
